function robot = get_robot()

robot.m = 1;

robot.ro = [0.5000    0.5000    0.5000    0.5000    0.5000    0.5000    0.5000    0.5000    0.5000    2.0000    2.0000    2.0000]';
robot.k = [10,10,10,10,10,10,10,10,10,100,100,100];
robot.b = eye(2);

robot.r = [    0.8660   -0.8660    0         0.6233   -0.3116   -0.3116
               0.5000    0.5000   -1.0000   -0.1000    0.5398   -0.5398
               0         0         0         1.0515    1.0515    1.0515];
robot.n_base = 3;
robot.initial_state = [0.1,0.1,0.0,0.0,0.0,0.0]';

end