function con = get_connectivity()
con = [4 1 7
       4 2 11
       4 5 4
       4 6 6
       5 2 8
       5 3 12
       5 4 4
       5 6 5
       6 1 10
       6 3 9
       6 4 6
       6 5 5];
end