function robot = get_robot()

robot.m = 1;

robot.ro = [0.5000
            0.5000
            0.5000
            0.5039
            0.5629
            0.5514
            0.5079
            0.5001
            0.5106
            2.0000
            2.0000
            2.0000];
robot.k = [10,10,10,10,10,10,10,10,10,100,100,100];
robot.b = eye(2);

robot.r = [    0.8660   -0.8660         0    0.6411   -0.2979   -0.3139
    0.5000    0.5000   -1.0000    0.0154    0.5613   -0.5585
         0         0         0    1.0365    1.0277    1.0347];
robot.n_base = 3;
robot.initial_state = [0.1,0.1,0.0,0.0,0.0,0.0]';

end